89.241037
89.082821
85.074706
90.148385
90.073098
89.411240
89.005529
88.573855
88.098013
87.123848
86.559771
86.102459
85.141081
84.442199
83.758443
83.485852
82.180505
81.607651
81.014869
80.351131
79.798491
78.975162
78.170041
77.644880
76.605935
75.908554
75.381043
74.758238
73.747438
72.005073
71.657322
70.997572
69.867757
69.079447
68.523552
67.804364
66.954060
65.652380
65.315447
64.757409
63.831360
63.051267
62.189733
61.614300
60.578323
59.672179
59.097365
58.840336
56.994099
56.689835
56.005969
55.249798
54.145350
53.079223
51.494577
51.096981
49.901972
48.927082
48.163089
47.797872
46.824724
45.800287
45.094313
44.403428
43.687091
42.297511
41.779884
40.910968
39.830008
38.511949
37.911855
37.307254
36.839836
35.238855
34.669049
34.245788
32.941999
31.584061
31.304703
29.429683
28.479644
27.314647
26.312823
26.038777
25.147608
24.081416
23.071058
22.445997
21.120509
20.457837
19.414197
18.801556
18.047731
16.746481
16.111529
15.191732
14.575979
13.104184
12.589052
11.720791
10.505984
9.626014
8.781120
8.168272
6.974474
5.356794
4.316204
3.946858
2.629280
1.764174
0.913982
0.578723
-0.263195
-1.591847
-2.605600
-3.078036
-4.212082
-4.873288
-5.594158
-6.489240
-7.286821
-8.262002
-9.407960
-9.758605
-10.539257
-11.928015
-12.702418
-12.995358
-13.654753
-14.692173
-15.696619
-17.163847
-18.046095
-19.185825
-19.850653
-20.609492
-20.973580
-22.334935
-23.174365
-23.158859
-24.622437
-24.951396
-25.730496
-26.149066
-27.268005
-28.308074
-29.063077
-29.531622
-30.420831
-30.834382
-31.697601
-32.633189
-33.274440
-34.043022
-34.608797
-35.028945
-36.126191
-37.324796
-37.682880
-38.573750
-39.313513
-40.206961
-40.705948
-41.338992
-42.114574
-43.143347
-43.847846
-44.062166
-44.619620
-45.274284
-45.736322
-46.472643
-47.382747
-48.160776
-48.632156
-48.873227
-49.443271
-50.277972
-50.998455
-51.219120
-51.764479
-53.133926
-53.851808
-54.416385
-55.181930
-55.573374
-56.252423
-56.609227
-57.080989
-58.189731
-58.499782
-58.897300
-59.714189
-60.244197
-60.690486
-61.056480
-61.552547
-62.531239
-62.947114
-63.608445
-64.016609
-64.803956
-64.980267
-65.513610
-66.115995
-66.782093
-67.078232
-67.915862
-68.778140
-69.289837
-69.944556
-70.167930
-70.701090
-71.184219
-71.730340
-72.352847
-72.703039
-73.187727
-73.826918
-73.949004
-74.586947
-75.244565
-75.603225
-75.938325
-76.466890
-77.030623
-77.503577
-77.844636
-78.398801
-78.946182
-79.394429
-79.776191
-80.162743
-81.146809
-81.644515
-81.902483
-82.400945
-83.171253
-83.268816
-83.587988
-84.111018
-84.453532
-85.151314
-85.492408
-85.864303
-86.400099
-86.813946
-87.199971
-87.877173
-88.180084
-88.766357
-88.833600
-89.206664
-89.928938
-90.183935
-90.591873
